CONFIG 8 1 1 0 1
WINZONE 12.1 22.6 8.9 2 1 
WALL 12 0 30 0.5 1 0 0 2 0.5 2 0 -1 0 0 0 0 0 0 0 0 0 3 0 0 0 3 3 0
WALL 12 24 30 0.5 2 0 0 2 0.5 2 0 -1 0 0 0 0 0 0 0 0 0 3 0 0 0 3 3 0
WALL 0 12 0.5 28.3 3 0 0 2 0.5 2 0 -1 0 0 0 0 0 0 0 0 0 3 0 0 0 3 3 0
WALL 24 12 0.5 28.5 4 0 0 2 0.5 2 0 -1 0 0 0 0 0 0 0 0 0 3 0 0 0 3 3 0
WALL 6.8 16.8 1 14 5 0 0 2 0.5 2 0 -1 0 0 0 0 0 0 0 0 0 3 0 0 0 3 3 0
WALL 17.3 16.8 1 14 6 0 0 2 0.5 2 0 -1 0 0 0 0 0 1 1 1 1 3 0 0 0 3 3 0
WALL 5.46 0.7 10.499 1 7 0 0 2 0.5 2 0 -1 0 0 0 0 0 2 2 2 2 3 0 0 0 3 3 0
WALL 18.6 0.7 10.5 1 8 0 0 2 0.5 2 0 -1 0 0 0 0 0 3 3 3 3 3 0 0 0 3 3 0
WALL 19.1 1.6 9.5 1 1 0 0 2 0.5 2 0 -1 0 0 0 0 0 4 4 4 4 3 0 0 0 3 3 0
WALL 4.96 1.6 9.499 1 2 0 0 2 0.5 2 0 -1 0 0 0 0 0 3 3 3 3 3 0 0 0 3 3 0
WALL 4.46 2.5 8.499 1 3 0 0 2 0.5 2 0 -1 0 0 0 0 0 4 4 4 4 3 0 0 0 3 3 0
WALL 3.96 3.44 7.499 1 4 0 0 2 0.5 2 0 -1 0 0 0 0 0 5 5 5 5 3 0 0 0 3 3 0
WALL 19.6 2.5 8.5 1 5 0 0 2 0.5 2 0 -1 0 0 0 0 0 5 5 5 5 3 0 0 0 3 3 0
WALL 20.1 3.44 7.5 1 6 0 0 2 0.5 2 0 -1 0 0 0 0 0 6 6 6 6 3 0 0 0 3 3 0
WALL 20.6 4.4 6.5 1 7 0 0 2 0.5 2 0 -1 0 0 0 0 0 7 7 7 7 3 0 0 0 3 3 0
WALL 3.46 4.4 6.499 1 8 0 0 2 0.5 2 0 -1 0 0 0 0 0 6 6 6 6 3 0 0 0 3 3 0
WALL 2.96 5.34 5.499 1 1 0 0 2 0.5 2 0 -1 0 0 0 0 0 7 7 7 7 3 0 0 0 3 3 0
WALL 2.46 6.24 4.499 1 2 0 0 2 0.5 2 0 -1 0 0 0 0 0 8 8 8 8 3 0 0 0 3 3 0
WALL 21.1 5.34 5.5 1 3 0 0 2 0.5 2 0 -1 0 0 0 0 0 8 8 8 8 3 0 0 0 3 3 0
WALL 21.6 6.24 4.5 1 4 0 0 2 0.5 2 0 -1 0 0 0 0 0 9 9 9 9 3 0 0 0 3 3 0
WALL 22.1 7.14 3.5 1 5 0 0 2 0.5 2 0 -1 0 0 0 0 0 10 10 10 10 3 0 0 0 3 3 0
WALL 1.96 7.14 3.499 1 6 0 0 2 0.5 2 0 -1 0 0 0 0 0 9 9 9 9 3 0 0 0 3 3 0
WALL 3.3 24.3 6.1 0.5 7 7 1 3 2 1 0 -1 29.05 0 0 0 0 0 0 0 0 3 0 0 0 3 3 0
WALL 20.8 24.3 6.1 0.5 8 7 1 3 2 1 0 -1 29.05 0 0 0 0 1 1 1 1 3 0 0 0 3 3 0
WALL 12 -0.3 23.6 0.5 1 7 1 15 1.8 1 0 -1 0 0 0 0 0 0 0 0 0 3 0 0 0 3 3 0
WALL 3.3 11.5 6.1 3.4 2 3 0 2 0.5 2 0 -1 0 0 0 0 0 0 0 0 0 3 0 0 1 8 8 1
WALL 20.8 11.5 6.1 3.4 3 3 0 2 0.5 2 0 -1 0 0 0 0 0 1 1 1 1 3 0 0 1 8 8 1
WALL 12.1 14.3 9.57 3.4 4 3 0 2 0.5 2 0 -1 0 0 0 0 0 2 2 2 2 3 0 0 1 32 32 1
WALL 8.8 3.5 2 0.5 1 8 0 2 0.5 2 0 -1 0 0 0 0 1 8.7 3.5 15.4 3.5 8 0 0 0 3 3 0
WALL 11.2 0.7 1 1 1 5 0 2 0.5 2 0 -1 0 1 3.14159 1 0 0 0 0 0 3 0 0 0 3 3 0
WALL 12.8 0.7 1 1 1 5 0 2 0.5 2 0 -1 0 1 3.14159 1 0 1 1 1 1 3 0 0 0 3 3 0
WALL 13.9 1.7 1 1 1 5 0 2 0.5 2 0 -1 0 1 3.14159 1 0 2 2 2 2 3 0 0 0 3 3 0
WALL 10.2 1.7 1 1 1 5 0 2 0.5 2 0 -1 0 1 3.14159 1 0 3 3 3 3 3 0 0 0 3 3 0
RACER 0 4.1 22.3 8 -8 0 0
RACER 1 2.1 22.3 8 -8 0 0
RACER 2 20.1 22.3 -8 -8 0 0
RACER 3 22.1 22.3 -8 -8 0 0
