CONFIG 8 1 1 0 1
WINZONE 1.3 6.7 2 2 1 
WALL 12 24 30 0.5 1 0 0 2 0.5 2 0 -1 0 0 0 0 0 0 0 0 0 3 0 0 0 3 3 0
WALL 12 0 30 0.5 2 0 0 2 0.5 2 0 -1 0 0 0 0 0 0 0 0 0 3 0 0 0 3 3 0
WALL 0 12 0.5 28.3 3 0 0 2 0.5 2 0 -1 0 0 0 0 0 0 0 0 0 3 0 0 0 3 3 0
WALL 24 12 0.6 28.5 4 0 0 2 0.5 2 0 -1 0 0 0 0 0 0 0 0 0 3 0 0 0 3 3 0
WALL 1.7 20.3 0.7 7 5 0 0 2 0.5 2 0 -1 0 0 0 0 0 0 0 0 0 3 0 0 0 3 3 0
WALL 3.5 20.3 0.7 7 6 0 0 2 0.5 2 0 -1 0 0 0 0 0 1 1 1 1 3 0 0 0 3 3 0
WALL 5.4 20.3 0.7 7 7 0 0 2 0.5 2 0 -1 0 0 0 0 0 2 2 2 2 3 0 0 0 3 3 0
WALL 7.3 20.3 0.7 7 8 0 0 2 0.5 2 0 -1 0 0 0 0 0 3 3 3 3 3 0 0 0 3 3 0
WALL 7.7 13.3 15 1 5 0 0 2 0.5 2 0 -1 0 0 0 0 0 0 0 0 0 3 0 0 0 3 3 0
WALL 14.7 17.8 1 8.1 6 0 0 2 0.5 2 0 -1 0 0 0 0 0 0 0 0 0 3 0 0 0 3 3 0
WALL 14.8 22.8 4 2 7 3 0 2 0.5 2 0 -1 0 0 0 0 0 0 0 0 0 3 0 0 1 32 32 1
WALL -0.3 18.8 0.5 10 8 7 1 7 1.8 0 0 -1 26.7 0 0 0 0 0 0 0 0 3 0 0 0 3 3 0
WALL 12.9 6.7 4.6 1 6 0 0 2 0.5 2 0 -1 0 0 0 0 0 0 0 0 0 3 0 0 0 3 3 0
WALL 12.9 10 4.6 5.7 7 3 0 2 0.5 2 0 -1 0 0 0 0 0 0 0 0 0 3 0 0 1 44 44 1
WALL 12.9 3.2 4.6 6 8 3 0 2 0.5 2 0 -1 0 0 0 0 0 1 1 1 1 3 0 0 1 44 44 1
WALL 24.3 12 0.5 23.5 1 7 1 24 1.4 0 0 -1 0 0 0 0 0 0 0 0 0 3 0 0 0 3 3 0
WALL 1.3 5.3 2.25 0.5 1 6 0 2 0.5 2 0 -1 0 0 0 0 0 0 0 0 0 3 0 0 0 3 3 0
WALL 1.3 8.1 2.25 0.5 1 6 0 2 0.5 2 0 -1 0 0 0 0 0 1 1 1 1 3 0 0 0 3 3 0
WALL 3.9 24.4 7.4 0.5 1 7 1 0.2 2 1 0 -1 15.2 0 0 0 0 0 0 0 0 3 0 0 0 3 3 0
WALL 19.5 24.3 8.6 0.1 1 7 1 22 3 1 0 -1 22.9 0 0 0 0 1 1 1 1 3 0 0 0 3 3 0
RACER 0 0.8 23.2 8 8 0 0
RACER 1 2.6 23.2 8 8 0 0
RACER 2 4.5 23.2 8 8 0 0
RACER 3 6.4 23.2 8 8 0 0
