CONFIG 8 1 1 0 1
WINZONE -2.3 1.3 2 2 1 
WALL 12 0 30 0.5 1 0 0 2 0.5 2 0 -1 0 0 0 0 0 0 24 0 24 3 0 0 0 3 3 0
WALL 12 24 30 0.5 2 0 0 2 0.5 2 0 -1 0 0 0 0 0 0 24 0 24 3 0 0 0 3 3 0
WALL 0 12 0.5 28.3 3 0 0 2 0.5 2 0 -1 0 0 0 0 0 0 24 0 24 3 0 0 0 3 3 0
WALL 24 12 0.5 28.5 4 0 0 2 0.5 2 0 -1 0 0 0 0 0 0 24 0 24 3 0 0 0 3 3 0
WALL 5.8 16.4 11.2 1.6 5 0 0 2 0.5 2 0 -1 0 0 0 0 0 0 24 0 24 3 0 0 0 3 3 0
WALL 18.2 16.4 11.2 1.6 6 0 0 2 0.5 2 0 -1 0 0 0 0 0 1 23 1 23 3 0 0 0 3 3 0
WALL 12 24.3 23.5 0.5 7 7 1 1 1.8 1 0 -1 12.5 0 0 0 0 0 24 0 24 3 0 0 0 3 3 0
WALL 3.8 7.2 7.2 1.6 8 0 0 2 0.5 2 0 -1 0 0 0 0 0 1 23 1 23 3 0 0 0 3 3 0
WALL 20.2 7.2 7.2 1.6 5 0 0 2 0.5 2 0 -1 0 0 0 0 0 2 22 2 22 3 0 0 0 3 3 0
WALL 12 7.2 9.2 1.61 6 3 0 2 0.5 2 0 -1 0 0 0 0 0 0 24 0 24 3 0 0 1 32 32 1
WALL 12 24.3 23.5 0.5 7 7 1 1 4.5 1 0 -1 0 0 0 0 0 1 23 1 23 3 0 0 0 3 3 0
KNIFE 8.2 1.5
RACER 0 1.8 23.1 8 -8 0 0
RACER 1 0.8 23.1 8 -8 0 0
RACER 2 0.8 22.1 8 -8 0 0
RACER 3 1.8 22.1 8 -8 0 0
