CONFIG 10 1 1 0 1
WINZONE 22.7 1.3 2 2
WALL 12 24 30 0.5 1 0 0 2 0.5 2 0 -1 0 0 0 0 0 0 0 0 0 3 0 0
WALL 12 0 30 0.5 2 0 0 2 0.5 2 0 -1 0 0 0 0 0 0 0 0 0 3 0 0
WALL 0 12 0.5 30 3 0 0 2 0.5 2 0 -1 0 0 0 0 0 0 0 0 0 3 0 0
WALL 24 12 0.5 30 4 0 0 2 0.5 2 0 -1 0 0 0 0 0 0 0 0 0 3 0 0
WALL 6.7 21.1 8 0.5 5 8 0 2 0.5 2 0 -1 0 0 0 0 1 4.2 21.1 19.8 21.1 5 0 0
WALL 15.2 19.8 8 0.5 6 8 0 2 0.5 2 0 -1 0 0 0 0 1 4.2 19.8 19.8 19.8 6 0 0
WALL 4.8 18.5 8 0.5 7 8 0 2 0.5 2 0 -1 0 0 0 0 1 4.2 18.5 19.8 18.5 7 0 0
WALL 9.3 17.2 8 0.5 8 8 0 2 0.5 2 0 -1 0 0 0 0 1 4.2 17.2 19.8 17.2 10 0 0
WALL 18.8 15.9 8 0.5 7 8 0 2 0.5 2 0 -1 0 0 0 0 1 4.2 15.9 19.8 15.9 20 0 0
WALL 22.8 4.2 2 0.5 8 8 0 2 0.5 2 0 -1 0 0 0 0 1 1.2 4.2 22.8 4.2 20 0 0
WALL 12 24.3 30 0.5 1 7 1 8 1.2 1 0 -1 0 0 0 0 0 12 24.3 17 24.3 3 0 0
RACER 0 1e+29 1e+21 8 8 0 0
RACER 1 1e+30 12 8 8 0 0
RACER 2 10.8 22 8 8 0 0
RACER 3 12.2 22.4 8 8 0 0
