CONFIG 8 1 1 0 0
WINZONE 11.3 20.8 2 2
WALL 12 24 30 0.5 1 0 0 2 0.5 2 0 -1 0 0 0 0 0 0 0 0 0 3 0 0
WALL 12 0 30 0.5 2 0 0 2 0.5 2 0 -1 0 0 0 0 0 0 0 0 0 3 0 0
WALL 0 12 0.5 30 3 0 0 2 0.5 2 0 -1 0 0 0 0 0 0 0 0 0 3 0 0
WALL 24 12 0.5 30 4 0 0 2 0.5 2 0 -1 0 0 0 0 0 0 0 0 0 3 0 0
WALL 19.8 4.8 8 1 5 8 0 2 0.5 2 0 -1 0 0 0 0 1 19.8 0.7 19.8 16.8 4 0 0
WALL 6.7 4.2 1 8 6 8 0 2 0.5 2 0 -1 0 0 0 0 1 0.7 4.2 15.3 4.2 5 0 0
WALL 8 18.8 1 10 7 6 0 2 0.5 2 0 -1 0 0 0 0 0 0 0 0 0 3 0 0
WALL 14.7 18.8 1 10 8 6 0 2 0.5 2 0 -1 0 0 0 0 0 0 0 0 0 3 0 0
WALL 8 13.3 1 1 0 5 0 2 0.5 2 0 -1 0 1 0 1 0 0 0 0 0 3 0 0
WALL 14.7 13.3 1 1 0 5 0 2 0.5 2 0 -1 0 1 0 1 0 0 0 0 0 3 0 0
WALL 11.3 22.2 5.7 0.5 8 6 0 2 0.5 2 0 -1 0 0 0 0 1 11.4 22.2 11.3 22.2 3 0 0
WALL 14.5 12.4 3 0.5 6 8 0 2 0.5 2 0 -1 0 0 0 0 1 8.2 12.4 14.5 12.4 7 0 0
RACER 0 10.4 1.5 8 8 0 0
RACER 1 -100000 12 8 8 0 0
RACER 2 11.8 2.4 8 8 0 0
RACER 3 12.9 1.1 8 8 0 0
