CONFIG 8 1 1 0 1
WINZONE 22.5 12.1 2 2 1 
WALL 12 24 30 0.5 1 0 0 2 0.5 2 0 -1 0 0 0 0 0 0 0 0 0 3 0 0 0 3 3 0
WALL 12 0 30 0.5 2 0 0 2 0.5 2 0 -1 0 0 0 0 0 0 0 0 0 3 0 0 0 3 3 0
WALL 0 12 0.5 28.3 3 0 0 2 0.5 2 0 -1 0 0 0 0 0 0 0 0 0 3 0 0 0 3 3 0
WALL 24 12 0.5 28.5 4 0 0 2 0.5 2 0 -1 0 0 0 0 0 0 0 0 0 3 0 0 0 3 3 0
WALL 9.2 2.3 18 1 5 0 0 2 0.5 2 0 -1 0 0 0 0 0 0 0 0 0 3 0 0 0 3 3 0
WALL 9.2 4.8 18 1 6 0 0 2 0.5 2 0 -1 0 0 0 0 0 1 1 1 1 3 0 0 0 3 3 0
WALL 9.2 21.7 18 1 5 0 0 2 0.5 2 0 -1 0 0 0 0 0 2 2 2 2 3 0 0 0 3 3 0
WALL 9.2 19.3 18 1 6 0 0 2 0.5 2 0 -1 0 0 0 0 0 3 3 3 3 3 0 0 0 3 3 0
WALL 13.8 15.9 20 2 7 0 0 2 0.5 2 0 -1 0 0 0 0 0 4 4 4 4 3 0 0 0 3 3 0
WALL 13.8 8.2 20 2 7 0 0 2 0.5 2 0 -1 0 0 0 0 0 5 5 5 5 3 0 0 0 3 3 0
WALL 21 21.3 5.6 5 8 3 0 2 0.5 2 0 -1 0 0 0 0 0 0 0 0 0 3 0 0 1 16 16 1
WALL 21 2.75 5.6 5.1 8 3 0 2 0.5 2 0 -1 0 0 0 0 0 1 1 1 1 3 0 0 1 16 16 1
WALL 2.1 12 3.6 5.4 8 3 0 2 0.5 2 0 -1 0 0 0 0 0 0 0 0 0 3 0 0 1 64 64 1
WALL 22.5 13.48 2.2 0.5 6 6 0 2 0.5 2 0 -1 0 0 0 0 0 0 0 0 0 3 0 0 0 3 3 0
WALL 22.5 10.7 2.2 0.5 6 6 0 2 0.5 2 0 -1 0 0 0 0 0 1 1 1 1 3 0 0 0 3 3 0
WALL -0.3 21.8 0.5 4 5 7 1 1 2 0 1 3 0 0 0 0 0 0 0 0 0 3 0 0 0 3 3 0
WALL -0.3 2.3 0.5 4.2 6 7 1 1 2 0 1 3 0 0 0 0 0 1 1 1 1 3 0 0 0 3 3 0
WALL 24.3 6.3 0.5 2 7 7 1 21.5 2 0 1 2 0 0 0 0 0 2 2 2 2 3 0 0 0 3 3 0
WALL 24.3 17.8 0.5 2 6 7 1 21.5 2 0 1 2 0 0 0 0 0 3 3 3 3 3 0 0 0 3 3 0
RACER 0 2 1 8 8 0 0
RACER 1 2 3.5 8 8 0 0
RACER 2 2 23 8 8 0 0
RACER 3 2 20.5 8 8 0 0
