CONFIG 7 1 1 0 1
WINZONE 19.3 1.6 2 2
WALL 12 24 30 0.5 1 0 0 2 0.5 2 0 -1 0 0 0 0 0 0 0 0 0 3 0 0
WALL 12 0 30 0.5 2 0 0 2 0.5 2 0 -1 0 0 0 0 0 0 0 0 0 3 0 0
WALL 0 12 0.5 30 3 0 0 2 0.5 2 0 -1 0 0 0 0 0 0 0 0 0 3 0 0
WALL 24 12 0.5 29.8 4 0 0 2 0.5 2 0 -1 0 0 0 0 0 0 0 0 0 3 0 0
WALL 12.1 17.3 1 13 5 0 0 2 0.5 2 0 -1 0 0 0 0 0 0 0 0 0 3 0 0
WALL 20 17.3 1 13 6 0 0 2 0.5 2 0 -1 0 0 0 0 0 1 1 1 1 3 0 0
WALL 4 17.3 1 13 7 0 0 2 0.5 2 0 -1 0 0 0 0 0 2 2 2 2 3 0 0
WALL 13.8 10.5 3.4 0.5 8 8 0 2 0.5 2 0 -1 0 0 0 0 1 13.8 10.5 22 10.5 10 0 0
WALL 10.3 10.5 3.4 0.5 8 8 0 2 0.5 2 0 -1 0 0 0 0 1 2 10.5 10.3 10.5 10 0 0
WALL 12 24.3 23.5 0.5 1 7 1 3 1.2 1 1 13 0 0 0 0 0 0 0 0 0 3 0 0
WALL 8.8 6.8 16.9 0.8 1 8 0 2 0.5 2 0 -1 0 0 0 0 1 8.8 6.8 15.2 6.8 5 0 0
WALL 17.8 1.6 0.5 2.2 1 6 0 2 0.5 2 0 -1 0 0 0 0 0 0 0 0 0 3 0 0
WALL 20.8 1.6 0.5 2.2 1 6 0 2 0.5 2 0 -1 0 0 0 0 0 1 1 1 1 3 0 0
WALL 2 11.1 3.4 0.5 8 8 0 2 0.5 2 0 -1 0 0 0 0 1 10.3 11.5 2 11.5 10 0 0
WALL 21.9 11.1 3.4 0.5 8 8 0 2 0.5 2 0 -1 0 0 0 0 1 22 11.5 13.8 11.5 10 0 0
WALL 1.7 23.3 1 1 1 5 0 2 0.5 2 0 -1 0 1 0 1 0 0 0 0 0 3 0 0
WALL 6.7 23.3 1 1 1 5 0 2 0.5 2 0 -1 0 1 0 1 0 1 1 1 1 3 0 0
WALL 9.4 23.3 1 1 1 5 0 2 0.5 2 0 -1 0 1 0 1 0 2 2 2 2 3 0 0
WALL 14.7 23.3 1 1 1 5 0 2 0.5 2 0 -1 0 1 0 1 0 3 3 3 3 3 0 0
WALL 17.4 23.3 1 1 1 5 0 2 0.5 2 0 -1 0 1 0 1 0 4 4 4 4 3 0 0
WALL 22.2 23.3 1 1 1 5 0 2 0.5 2 0 -1 0 1 0 1 0 5 5 5 5 3 0 0
RACER 0 1.7 21.6 -7 -7 0 0
RACER 1 8.1 21.6 -7 -7 0 0
RACER 2 16.1 21.6 -7 -7 0 0
RACER 3 22.5 21.7 -7 -7 0 0
