CONFIG 8 1 1 0 1
WINZONE 17.1 6.8 2 2
WALL 12 24 30 0.5 1 0 0 2 0.5 2 0 -1 0 0 0 0 0 0 0 0 0 3 0 0
WALL 12 0 30 0.5 2 0 0 2 0.5 2 0 -1 0 0 0 0 0 0 0 0 0 3 0 0
WALL 0 12 0.5 30 3 0 0 2 0.5 2 0 -1 0 0 0 0 0 0 0 0 0 3 0 0
WALL 24 12 0.5 30 4 0 0 2 0.5 2 0 -1 0 0 0 0 0 0 0 0 0 3 0 0
WALL 13.3 20 21 1 5 0 0 2 0.5 2 0 -1 0 0 0 0 0 0 0 0 0 3 0 0
WALL 3.3 11 1 17 6 0 0 2 0.5 2 0 -1 0 0 0 0 0 0 0 0 0 3 0 0
WALL 12.8 3 18 1 7 0 0 2 0.5 2 0 -1 0 0 0 0 0 0 0 0 0 3 0 0
WALL 21.3 10.8 1 14.6 8 0 0 2 0.5 2 0 -1 0 0 0 0 0 0 0 0 0 3 0 0
WALL 13.6 17.6 14.4 1 6 0 0 2 0.5 2 0 -1 0 0 0 0 0 0 0 0 0 3 0 0
WALL 6.9 15 1 4.3 7 0 0 2 0.5 2 0 -1 0 0 0 0 0 0 0 0 0 3 0 0
WALL 6.9 5.7 1 4.4 7 0 0 2 0.5 2 0 -1 0 0 0 0 0 1 1 1 1 3 0 0
WALL 9.9 10.4 7 1 8 0 0 2 0.5 2 0 -1 0 0 0 0 0 2 2 2 2 3 0 0
WALL 12.9 6.7 1 6.4 5 0 0 2 0.5 2 0 -1 0 0 0 0 0 0 0 0 0 3 0 0
WALL 8.2 9.5 1 1 0 5 0 2 0.5 2 0 -1 0 1 0 1 0 0 0 0 0 3 0 0
WALL 9.3 9.5 1 1 0 5 0 2 0.5 2 0 -1 0 1 0 1 0 0 0 0 0 3 0 0
WALL 10.4 9.5 1 1 0 5 0 2 0.5 2 0 -1 0 1 0 1 0 0 0 0 0 3 0 0
WALL 11.5 9.5 1 1 0 5 0 2 0.5 2 0 -1 0 1 0 1 0 0 0 0 0 3 0 0
WALL 11.9 8.8 1 1 0 5 0 2 0.5 2 0 -1 0 1 4.71239 1 0 0 0 0 0 3 0 0
WALL 11.9 7.7 1 1 0 5 0 2 0.5 2 0 -1 0 1 4.71239 1 0 1 1 1 1 3 0 0
WALL 11.9 6.6 1 1 0 5 0 2 0.5 2 0 -1 0 1 4.71239 1 0 2 2 2 2 3 0 0
WALL 11.9 5.5 1 1 0 5 0 2 0.5 2 0 -1 0 1 4.71239 1 0 3 3 3 3 3 0 0
WALL 11.9 4.3 1 1 0 5 0 2 0.5 2 0 -1 0 1 4.71239 1 0 4 4 4 4 3 0 0
WALL 24.3 22.1 0.5 3.3 8 7 1 5 2.5 0 1 2 0 0 0 0 0 0 0 0 0 3 0 0
WALL 1.5 24.4 2.5 0.5 8 7 1 15 2.5 1 1 1 0 0 0 0 0 1 1 1 1 3 0 0
RACER 0 16.5 22.4 8 8 0 0
RACER 1 16.5 21.4 8 8 0 0
RACER 2 17.5 21.4 8 8 0 0
RACER 3 17.5 22.4 8 8 0 0
