CONFIG 8 1 1 0 1
WINZONE 22.6 2.6 2 2 1 
WALL 12 24 30 0.5 1 0 0 2 0.5 2 0 -1 0 0 0 0 0 0 0 0 0 3 0 0 0 3 3 0
WALL 12 0 30 0.5 2 0 0 2 0.5 2 0 -1 0 0 0 0 0 0 0 0 0 3 0 0 0 3 3 0
WALL 0 12 0.5 28.3 3 0 0 2 0.5 2 0 -1 0 0 0 0 0 0 0 0 0 3 0 0 0 3 3 0
WALL 24 12 0.6 28.5 4 0 0 2 0.5 2 0 -1 0 0 0 0 0 0 0 0 0 3 0 0 0 3 3 0
WALL 4.7 12.6 9 14.5 5 0 0 2 0.5 2 0 -1 0 0 0 0 0 0 0 0 0 3 0 0 0 3 3 0
WALL 19.2 12.6 9 14.5 6 0 0 2 0.5 2 0 -1 0 0 0 0 0 1 1 1 1 3 0 0 0 3 3 0
WALL 12 17.55 1 12.5 7 0 0 2 0.5 2 0 -1 0 0 0 0 0 0 0 0 0 3 0 0 0 3 3 0
WALL 11.95 8.38 5.59 6.07 8 3 0 2 0.5 2 0 -1 0 0 0 0 0 0 0 0 0 3 0 0 1 33 33 1
WALL 22.5 1.2 2.4 0.5 5 6 0 2 0.5 2 0 -1 0 0 0 0 0 0 0 0 0 3 0 0 0 3 3 0
WALL 22.5 4 2.4 0.5 6 6 0 2 0.5 2 0 -1 0 0 0 0 0 1 1 1 1 3 0 0 0 3 3 0
WALL -0.3 21.8 0.5 3.9 7 7 1 3 4 0 0 6 19 0 0 0 0 0 0 0 0 3 0 0 0 3 3 0
WALL 24.3 21.8 0.5 3.9 8 7 1 3 4 0 0 6 19.2 0 0 0 0 1 1 1 1 3 0 0 0 3 3 0
WALL 10.3 24.3 2.37 0.5 7 7 1 7.2 2.4 1 0 -1 37.9 0 0 0 0 0 0 0 0 3 0 0 0 3 3 0
WALL 13.6 24.3 2.27 0.5 8 7 1 7.2 2.4 1 0 -1 37.9 0 0 0 0 1 1 1 1 3 0 0 0 3 3 0
WALL 11.95 19.36 5.59 1 1 3 0 2 0.5 2 0 -1 0 0 0 0 0 0 0 0 0 3 0 0 1 10 10 1
RACER 0 3.1 22.9 8 8 0 0
RACER 1 4.1 21.9 8 8 0 0
RACER 2 20 21.9 -8 8 0 0
RACER 3 21 22.9 -8 8 0 0
