CONFIG 8 1 1 0 1
WINZONE -1.2 22.7 2 2 1 
WALL 12 24 30 0.5 1 0 0 2 0.5 2 0 -1 0 0 0 0 0 0 0 0 0 3 0 0 0 3 3 0
WALL 12 0 30 0.5 2 0 0 2 0.5 2 0 -1 0 0 0 0 0 0 0 0 0 3 0 0 0 3 3 0
WALL 0 12 0.5 28.3 3 0 0 2 0.5 2 0 -1 0 0 0 0 0 0 0 0 0 3 0 0 0 3 3 0
WALL 24 12 0.5 28.5 4 0 0 2 0.5 2 0 -1 0 0 0 0 0 0 0 0 0 3 0 0 0 3 3 0
WALL 16.3 14.8 15 18 5 0 0 2 0.5 2 0 -1 0 0 0 0 0 0 0 0 0 3 0 0 0 3 3 0
WALL 2.2 11.1 4 0.8 6 0 0 2 0.5 2 0 -1 0 0 0 0 0 0 0 0 0 3 0 0 0 3 3 0
WALL 2.2 13.8 4 0.8 7 0 0 2 0.5 2 0 -1 0 0 0 0 0 1 1 1 1 3 0 0 0 3 3 0
WALL 2.2 16.5 4 0.8 8 0 0 2 0.5 2 0 -1 0 0 0 0 0 2 2 2 2 3 0 0 0 3 3 0
WALL 2.2 19.1 4 0.8 6 0 0 2 0.5 2 0 -1 0 0 0 0 0 3 3 3 3 3 0 0 0 3 3 0
WALL 0.5 17.2 0.5 0.5 1 5 0 2 0.5 2 0 -1 0 1 1.5708 1 0 0 0 0 0 3 0 0 0 3 3 0
WALL 0.5 17.7 0.5 0.5 1 5 0 2 0.5 2 0 -1 0 1 1.5708 1 0 1 1 1 1 3 0 0 0 3 3 0
WALL 0.5 18.3 0.5 0.5 1 5 0 2 0.5 2 0 -1 0 1 1.5708 1 0 2 2 2 2 3 0 0 0 3 3 0
WALL 0.5 14.5 0.5 0.5 1 5 0 2 0.5 2 0 -1 0 1 1.5708 1 0 3 3 3 3 3 0 0 0 3 3 0
WALL 0.5 15 0.5 0.5 1 5 0 2 0.5 2 0 -1 0 1 1.5708 1 0 4 4 4 4 3 0 0 0 3 3 0
WALL 0.5 15.7 0.5 0.5 1 5 0 2 0.5 2 0 -1 0 1 1.5708 1 0 5 5 5 5 3 0 0 0 3 3 0
WALL 0.5 11.8 0.5 0.5 1 5 0 2 0.5 2 0 -1 0 1 1.5708 1 0 6 6 6 6 3 0 0 0 3 3 0
WALL 0.5 12.3 0.5 0.5 1 5 0 2 0.5 2 0 -1 0 1 1.5708 1 0 7 7 7 7 3 0 0 0 3 3 0
WALL 0.5 12.9 0.5 0.5 1 5 0 2 0.5 2 0 -1 0 1 1.5708 1 0 8 8 8 8 3 0 0 0 3 3 0
WALL 1.9 17.8 2.3 1.7 7 8 0 2 0.5 2 0 -1 0 0 0 0 1 1.7 17.8 7.9 17.8 2 0 0 0 3 3 0
WALL 3.6 15.2 2.3 1.7 8 8 0 2 0.5 2 0 -1 0 0 0 0 1 1.7 15.2 7.9 15.2 2.4 0 0 0 3 3 0
WALL 5.9 12.5 2.3 1.7 5 8 0 2 0.5 2 0 -1 0 0 0 0 1 1.7 12.5 7.9 12.5 2.8 0 0 0 3 3 0
WALL 4.5 24.3 8.6 0.5 1 7 1 2 3.2 1 1 1 0 0 0 0 0 0 0 0 0 3 0 0 0 3 3 0
WALL 12 1.7 1 3 5 0 0 2 0.5 2 0 -1 0 0 0 0 0 0 0 0 0 3 0 0 0 3 3 0
WALL 12 5.1 1 1.5 6 0 0 2 0.5 2 0 -1 0 0 0 0 0 1 1 1 1 3 0 0 0 3 3 0
KNIFE 15.9 2.7
RACER 0 2.5 22 8 8 0 0
RACER 1 3.5 21.7 8 8 0 0
RACER 2 3.5 22.7 8 8 0 0
RACER 3 2.5 21 8 8 0 0
