CONFIG 8 1 1 0 1
WINZONE 8.3 22.7 2 2 1 
WALL 12 24 30 0.5 1 0 0 2 0.5 2 0 -1 0 0 0 0 0 0 0 0 0 3 0 0 0 3 3 0
WALL 12 0 30 0.5 2 0 0 2 0.5 2 0 -1 0 0 0 0 0 0 0 0 0 3 0 0 0 3 3 0
WALL 0 12 0.5 28.3 3 0 0 2 0.5 2 0 -1 0 0 0 0 0 0 0 0 0 3 0 0 0 3 3 0
WALL 24 12 0.5 28.5 4 0 0 2 0.5 2 0 -1 0 0 0 0 0 0 0 0 0 3 0 0 0 3 3 0
WALL 5.8 7.6 11.2 1.6 5 0 0 2 0.5 2 0 -1 0 0 0 0 0 0 0 0 0 3 0 0 0 3 3 0
WALL 18.2 7.6 11.2 1.6 6 0 0 2 0.5 2 0 -1 0 0 0 0 0 1 1 1 1 3 0 0 0 3 3 0
WALL 12 -0.3 23.5 0.5 7 7 1 1 1.8 1 0 -1 12.5 0 0 0 0 0 0 0 0 3 0 0 0 3 3 0
WALL 3.8 16.8 7.2 1.6 8 0 0 2 0.5 2 0 -1 0 0 0 0 0 1 1 1 1 3 0 0 0 3 3 0
WALL 20.2 16.8 7.2 1.6 5 0 0 2 0.5 2 0 -1 0 0 0 0 0 2 2 2 2 3 0 0 0 3 3 0
WALL 12 16.8 9.2 1.61 6 3 0 2 0.5 2 0 -1 0 0 0 0 0 0 0 0 0 3 0 0 1 32 32 1
WALL 9.7 22.7 0.5 2.2 8 6 0 2 0.5 2 0 -1 0 0 0 0 0 0 0 0 0 3 0 0 0 3 3 0
WALL 6.9 22.7 0.5 2.2 8 6 0 2 0.5 2 0 -1 0 0 0 0 0 1 1 1 1 3 0 0 0 3 3 0
WALL 24.3 6 1.5 0.5 1 5 1 10 15 1 0 -1 2.8 1 4.71239 1 0 0 0 0 0 3 0 0 0 3 3 0
WALL -0.3 6 1.5 0.5 1 5 1 10 15 1 0 -1 2.8 1 1.5708 1 0 1 1 1 1 3 0 0 0 3 3 0
WALL 12 -0.3 23.5 0.5 7 7 0 1 4.5 1 0 -1 31 0 0 0 0 1 1 1 1 3 0 0 0 3 3 0
RACER 0 1.8 0.9 8 8 0 0
RACER 1 0.8 0.9 8 8 0 0
RACER 2 0.8 1.9 8 8 0 0
RACER 3 1.8 1.9 8 8 0 0
