CONFIG 8 1 1 0 1
WINZONE 12.1 1.4 8.9 2 1 
WALL 12 24 30 0.5 1 0 0 2 0.5 2 0 -1 0 0 0 0 0 0 0 0 0 3 0 0 0 3 3 0
WALL 12 0 30 0.5 2 0 0 2 0.5 2 0 -1 0 0 0 0 0 0 0 0 0 3 0 0 0 3 3 0
WALL 0 12 0.5 28.3 3 0 0 2 0.5 2 0 -1 0 0 0 0 0 0 0 0 0 3 0 0 0 3 3 0
WALL 24 12 0.5 28.5 4 0 0 2 0.5 2 0 -1 0 0 0 0 0 0 0 0 0 3 0 0 0 3 3 0
WALL 6.8 7.2 1 14 5 0 0 2 0.5 2 0 -1 0 0 0 0 0 0 0 0 0 3 0 0 0 3 3 0
WALL 17.3 7.2 1 14 6 0 0 2 0.5 2 0 -1 0 0 0 0 0 1 1 1 1 3 0 0 0 3 3 0
WALL 5.46 23.3 10.499 1 7 0 0 2 0.5 2 0 -1 0 0 0 0 0 2 2 2 2 3 0 0 0 3 3 0
WALL 18.6 23.3 10.5 1 8 0 0 2 0.5 2 0 -1 0 0 0 0 0 3 3 3 3 3 0 0 0 3 3 0
WALL 19.1 22.4 9.5 1 1 0 0 2 0.5 2 0 -1 0 0 0 0 0 4 4 4 4 3 0 0 0 3 3 0
WALL 4.96 22.4 9.499 1 2 0 0 2 0.5 2 0 -1 0 0 0 0 0 3 3 3 3 3 0 0 0 3 3 0
WALL 4.46 21.5 8.499 1 3 0 0 2 0.5 2 0 -1 0 0 0 0 0 4 4 4 4 3 0 0 0 3 3 0
WALL 3.96 20.56 7.499 1 4 0 0 2 0.5 2 0 -1 0 0 0 0 0 5 5 5 5 3 0 0 0 3 3 0
WALL 19.6 21.5 8.5 1 5 0 0 2 0.5 2 0 -1 0 0 0 0 0 5 5 5 5 3 0 0 0 3 3 0
WALL 20.1 20.56 7.5 1 6 0 0 2 0.5 2 0 -1 0 0 0 0 0 6 6 6 6 3 0 0 0 3 3 0
WALL 20.6 19.6 6.5 1 7 0 0 2 0.5 2 0 -1 0 0 0 0 0 7 7 7 7 3 0 0 0 3 3 0
WALL 3.46 19.6 6.499 1 8 0 0 2 0.5 2 0 -1 0 0 0 0 0 6 6 6 6 3 0 0 0 3 3 0
WALL 2.96 18.66 5.499 1 1 0 0 2 0.5 2 0 -1 0 0 0 0 0 7 7 7 7 3 0 0 0 3 3 0
WALL 2.46 17.76 4.499 1 2 0 0 2 0.5 2 0 -1 0 0 0 0 0 8 8 8 8 3 0 0 0 3 3 0
WALL 21.1 18.66 5.5 1 3 0 0 2 0.5 2 0 -1 0 0 0 0 0 8 8 8 8 3 0 0 0 3 3 0
WALL 21.6 17.76 4.5 1 4 0 0 2 0.5 2 0 -1 0 0 0 0 0 9 9 9 9 3 0 0 0 3 3 0
WALL 22.1 16.86 3.5 1 5 0 0 2 0.5 2 0 -1 0 0 0 0 0 10 10 10 10 3 0 0 0 3 3 0
WALL 1.96 16.86 3.499 1 6 0 0 2 0.5 2 0 -1 0 0 0 0 0 9 9 9 9 3 0 0 0 3 3 0
WALL 3.3 -0.3 6.1 0.5 7 7 1 3 2 1 0 -1 29.05 0 0 0 0 0 0 0 0 3 0 0 0 3 3 0
WALL 20.8 -0.3 6.1 0.5 8 7 1 3 2 1 0 -1 29.05 0 0 0 0 1 1 1 1 3 0 0 0 3 3 0
WALL 12 24.3 23.6 0.5 1 7 1 15 1.8 1 0 -1 0 0 0 0 0 0 0 0 0 3 0 0 0 3 3 0
WALL 3.3 12.5 6.1 3.4 2 3 0 2 0.5 2 0 -1 0 0 0 0 0 0 0 0 0 3 0 0 1 8 8 1
WALL 20.8 12.5 6.1 3.4 3 3 0 2 0.5 2 0 -1 0 0 0 0 0 1 1 1 1 3 0 0 1 8 8 1
WALL 12.1 9.7 9.57 3.4 4 3 0 2 0.5 2 0 -1 0 0 0 0 0 2 2 2 2 3 0 0 1 32 32 1
RACER 0 4.1 1.7 8 8 0 0
RACER 1 2.1 1.7 8 8 0 0
RACER 2 20.1 1.7 -8 8 0 0
RACER 3 22.1 1.7 -8 8 0 0
